13176437
24056
13176361
17644
13176408
16725
13176394
14626
13176282
19536
13168986
17654
13168945
17287
13168813
17085
13168704
17128
13168593
17686
13168372
15151
13168342
20360
13168238
19865
13168127
17670
13167959
24056
13167839
17644
13167689
14626
13167615
19536
13148739
17686
13148807
24056
13171207
15221
13171149
23106
13171206
17285
13171167
14678
13171166
17271
13171186
17160
13171148
17297
13171180
23956
13171195
17282
13171156
16885
13171185
17643
13171205
17278
13171178
17695
13171147
21685
13171140
14793
13171184
14360
13171146
20095
13171155
19565
13171194
17654
13171177
17287
13171203
17085
13171183
17128
13171098
17686
13171165
19865
13171176
17670
13171121
24056
13171120
17644
13176583
19865
13176564
17670
13176508
24056
13176526
17644
13176469
16725
13176468
14626
13176486
19536
13171243
20338
13171235
20330
13171216
24715
13171200
23565
13171171
15221
13171182
17285
13171234
14678
13171170
17271
13171233
17160
13171142
17297
13171215
23956
13171161
17282
13171160
16885
13171224
18555
13171189
17643
13171214
17281
13171213
17695
13171212
21685
13171198
14793
13171211
14360
13171188
20095
13171159
19565
13171197
17654
13171210
17287
13171209
17085
13171158
17686
13171208
15151
13171157
20360
13171151
17670
13171187
24056
13171196
17644
13171168
14626
13148899
17644
13176616
14626
13176532
19536
13171251
20338
13171294
20330
13171257
24715
13171275
17005
13171241
23565
13171239
15221
13171303
23106
13171266
17285
13171238
14678
13171192
17271
13171293
17160
13171255
17297
13171191
23956
13171265
17282
13171283
16885
13171274
18555
13171264
17643
13171273
17278
13171222
17281
13171237
17695
13171254
21685
13171263
14793
13171248
14360
13171247
20095
13171221
19565
13171229
17654
13171202
17287
13171253
17128
13171201
17686
13171245
15151
13171219
20360
13171218
19865
13171172
17670
13171217
24056
13171228
17644
13171226
14626
13176704
24056
13176602
17644
13176657
16725
13176622
14626
13176561
19536
13171328
20338
13171300
20330
13171282
24715
13171281
17005
13171272
23565
13171299
15221
13171343
23106
13171317
14678
13171280
17271
13171279
17160
13171327
17297
13171278
23956
13171286
17282
13171333
16885
13171326
18555
13171285
17643
13171325
17278
13171314
17281
13171307
17695
13171270
21685
13171284
14793
13171262
14360
13171261
19565
13171269
17654
13171306
17287
13171260
17128
13171268
17686
13171258
15151
13171313
20360
13171242
19865
13171267
17670
13171296
24056
13171295
17644
13149039
20095
13176692
24056
13176681
17644
13176753
16725
13176637
14626
13176727
19536
13171378
20338
13171392
20330
13171338
24715
13171398
17005
13171413
23565
13171369
15221
13171362
23106
13171322
17285
13171368
14678
13171337
17271
13171321
17160
13171367
17297
13171395
17282
13171365
16885
13171388
18555
13171387
17643
13171336
17281
13171385
17695
13171292
14360
13171393
20095
13171334
19565
13171291
17654
13171355
17287
13171384
17085
13171383
17128
13171331
17686
13171373
15151
13171318
20360
13171363
19865
13171301
17670
13171311
17644
13171329
14626
13176811
20360
13176810
19865
13176772
17670
13176770
24056
13176819
17644
13176761
16725
13176785
14626
13176752
19536
13171543
20338
13171533
20330
13171523
17005
13171451
15221
13171449
23106
13171460
17285
13171509
14678
13171508
17271
13171507
17160
13171513
23956
13171497
17282
13171441
18555
13171428
17643
13171457
17278
13171440
17695
13171439
21685
13171438
14360
13171456
20095
13171421
19565
13171467
17654
13171465
17287
13171464
17085
13171382
17128
13171409
17686
13171401
15151
13171416
20360
13171371
19865
13171379
17670
13171415
24056
13171433
17644
13171407
19536
13149245
17282
13149205
20095
13119062
21685
13176958
20360
13176979
19865
13176950
17670
13176917
24056
13176898
17644
13176890
16725
13176871
14626
13176848
19536
13171677
20338
13171658
20330
13171675
17005
13171686
23565
13171685
15221
13171612
23106
13171657
17285
13171628
14678
13171649
17271
13171666
17297
13171636
23956
13171607
17282
13171625
18555
13171663
17643
13171582
17278
13171581
17281
13171643
21685
13171616
14793
13171571
14360
13171603
20095
13171585
19565
13171568
17287
13171547
17085
13171530
17128
13171538
15151
13171573
20360
13171515
19865
13171554
17670
13171480
14626
13177064
17644
13177044
16725
13176969
14626
13177015
19536
13171993
20338
13171922
20330
13171975
24715
13171867
17005
13171937
23565
13171944
15221
13171896
23106
13171895
17285
13171894
14678
13171832
17271
13171831
17160
13171876
17297
13171893
23956
13171874
17282
13171873
16885
13171855
18555
13171839
17643
13171762
17278
13171835
17281
13171843
17695
13171798
14793
13171751
14360
13171808
20095
13171794
19565
13171738
17654
13171712
17287
13171720
17128
13171754
15151
13171744
20360
13171733
19865
13171661
17670
13171680
24056
13171704
14626
13171713
19536
13180263
14626
13180201
19536
13177413
14793
13177367
14360
13177292
20095
13177337
19565
13177277
17654
13177314
17287
13177296
17085
13177273
17128
13177200
17686
13177232
15151
13177235
20360
13177194
19865
13177146
17670
13177143
24056
13177098
17644
13177094
16725
13177068
14626
13177061
19536
13172035
17287
13172063
17085
13172002
17128
13172034
17686
13171991
15151
13171990
20360
13171971
19865
13172005
17670
13171980
24056
13171960
17644
13171986
14626
13171909
19536
13149390
18555
13119722
21685
13119778
19565
13177994
14678
13177965
17271
13177963
17160
13177900
17297
13177899
23956
13177943
17282
13177914
16885
13177876
18555
13177873
17643
13177816
17278
13177805
17281
13177691
17695
13177746
14793
13177763
14360
13177700
20095
13177651
19565
13177713
17654
13177693
17287
13177620
17085
13177637
17128
13177612
17686
13177609
15151
13177603
20360
13177536
19865
13177555
17670
13177442
24056
13177513
17644
13177465
14626
13177417
19536
13120193
21685
13113621
14360
13113826
17285
13120320
17644
13149786
18555
13149784
20095
13149844
17287
13120641
20360
13149986
19565
13103339
20095
13120818
15151
13114427
20095
13150065
14360
13121024
17282
13150134
24056
13121124
17686
13114601
24056
13103408
17287
13093256
17287
13093219
17085
13093198
19536
13150205
24715
13150206
20330
13150168
17005
13150166
17282
13150156
17281
13150155
21685
13150195
17695
13150193
20095
13150154
17085
13150137
20360
13150071
17670
13150117
19536
13121360
14678
13121413
17160
13121351
17282
13121349
17643
13121354
17278
13121302
17281
13121300
21685
13121318
14793
13121270
17287
13121278
17085
13121269
17686
13121306
20360
13121248
19865
13121247
17670
13121303
24056
13114741
17271
13114774
23956
13114763
17282
13114755
18555
13114661
17287
13114687
20360
13114680
19865
13114733
14626
13103481
17695
13103520
21685
13103525
14360
13103518
19565
13103479
17654
13103467
17287
13103466
17085
13103490
17128
13103516
17686
13103513
20360
13103504
19865
13103412
14626
13093215
17278
13150239
20330
13150221
23565
13150293
23106
13150274
14678
13150217
17297
13150258
23956
13150283
17282
13150232
18555
13150231
17643
13150254
17695
13150182
21685
13150233
19565
13150213
24056
13150142
14626
13121535
17285
13121533
14678
13121497
17160
13121514
17297
13121481
23956
13121460
16885
13121466
17278
13121477
17695
13121458
21685
13121440
19565
13121427
17128
13121437
15151
13121445
20360
13121391
19865
13121340
24056
13114854
17160
13114818
17282
13114836
16885
13114850
18555
13114844
17278
13114780
14793
13114805
14360
13114815
20095
13114778
19565
13114767
17686
13114721
19865
13114761
17644
13103575
14793
13103596
14360
13103603
20095
13103536
19565
13103532
17085
13103512
15151
13103544
19865
13103543
17670
13150335
20338
13150311
24715
13150310
17005
13150251
23106
13150308
16885
13150334
17282
13150307
17643
13150287
17281
13150248
17654
13150285
20360
13150247
17644
13150295
14626
13121581
15221
13121619
14678
13121643
17271
13121522
23956
13121628
17282
13121623
17281
13121605
17695
13121593
14360
13121566
17654
13121540
17085
13121550
15151
13114911
17282
13114888
17643
13114862
17278
13114914
17695
13114877
14793
13114875
14360
13114867
17128
13114859
17686
13114894
20360
13114893
19865
13114839
24056
13103636
17643
13103618
17695
13103643
21685
13103599
14793
13103569
17654
13103607
17287
13103540
17686
13103567
20360
13103549
17670
13103547
24056
13103537
14626
13093323
24056
13093316
17644
13150418
17005
13150424
23106
13150361
17285
13150375
23956
13150332
17278
13150413
17643
13150359
16300
13150390
17281
13150357
20095
13150387
19565
13150386
17654
13150385
17085
13150394
17128
13150300
19865
13150356
17670
13150340
14626
13150373
19536
13121784
17271
13121720
17297
13121773
23956
13121766
18555
13121711
17643
13121754
17281
13121726
21685
13121753
14793
13121708
19565
13121723
17654
13121670
17287
13121649
17085
13121669
15151
13121660
20360
13121688
19865
13121681
24056
13121645
17644
13114971
14678
13115007
23956
13115033
17282
13115023
18555
13114965
17278
13114986
17695
13114964
14793
13114975
14360
13114984
19565
13114931
17654
13114974
17085
13114959
17128
13114892
17686
13114954
19865
13114925
24056
13103680
17695
13103661
14793
13103679
14360
13103693
17085
13103650
17128
13103684
15151
13103675
17670
13150483
20338
13150468
20330
13150452
23565
13150382
15221
13150450
23106
13150457
14678
13150409
17271
13150430
23956
13150429
17278
13150437
18555
13150401
21685
13150446
17654
13150453
17287
13150444
15151
13150443
19865
13150372
17670
13150362
19536
13121901
23565
13121946
15221
13121889
23106
13121821
18555
13121856
17643
13121846
17281
13121820
17695
13121799
21685
13121798
14793
13121807
20095
13121818
19565
13121813
17085
13121794
17686
13121741
17670
13115106
17282
13115096
18555
13115093
17695
13115040
14360
13115057
20095
13115039
17654
13115018
17287
13115002
17085
13114980
17128
13115001
20360
13114978
14626
13103736
21685
13103753
14793
13103696
19565
13103691
17287
13103690
17686
13103707
19865
13177666
20338
13177642
17005
13177662
17643
13177654
17686
13177538
20360
13177596
17670
13177573
17654
13177554
17644
13177533
23106
13177460
17695
13177422
23565
13177415
20095
13177357
14678
13177395
17085
13177340
20330
13177300
15221
13150491
17278
13150490
17281
13150480
14793
13150472
24056
13150410
19536
13132865
23106
13132758
20360
13132748
23956
13132728
17643
13132629
17695
13132634
23565
13132594
15221
13132534
17686
13132449
17670
13121972
17128
13122037
17686
13122024
17670
13119694
24715
13119549
17670
13119486
23565
13119399
17005
13119423
17160
13119148
17643
13119179
17654
13119100
20338
13115144
16885
13115153
18555
13115088
17695
13115110
21685
13115117
14793
13115109
20095
13115126
17654
13115077
17085
13115060
17128
13115124
17686
13115076
19865
13177760
17160
13177803
20095
13177756
14793
13177718
20360
13150594
17643
13150561
17281
13150586
17278
13150593
14793
13150549
20095
13150548
19565
13150538
17654
13150537
17287
13150577
15151
13150500
20360
13150536
17670
13150575
17644
13150535
19536
13133161
14793
13133174
20360
13133093
20338
13133030
17160
13133064
17695
13133025
16885
13132828
20330
13122207
14360
13122173
17128
13122130
15151
13122129
20360
13122096
17644
13122002
14626
13120038
17686
13120045
20095
13119920
23956
13119890
17670
13119801
23565
13119867
17644
13119732
14793
13119823
20338
13119730
16885
13119743
24715
13119708
20330
13115277
17285
13115208
17160
13115227
17297
13115283
23956
13115238
16885
13115263
17643
13115207
17278
13115216
14793
13115177
20095
13115188
17654
13115149
17287
13115214
17128
13115187
17686
13115203
15151
13115195
19865
13115165
14626
13103812
23956
13103833
17278
13103816
20095
13150602
17297
13150592
18555
13150621
21685
13150588
19565
13150607
20095
13150551
17654
13150550
17287
13150580
17670
13150616
17644
13133596
20095
13133546
17654
13133563
15221
13133523
17160
13133465
20360
13133371
17643
13133434
23956
13133339
24715
13133238
17005
13133320
20330
13122251
20095
13122303
17654
13122242
17287
13122286
19865
13122227
17670
13122171
17644
13122169
14626
13120279
23956
13120315
14678
13120250
20095
13120178
23106
13120196
16885
13120148
14626
13120096
20330
13120076
24715
13115356
17160
13115310
17297
13115339
23956
13115337
16885
13115323
14360
13115316
20095
13115269
17654
13115229
17287
13115288
17085
13115286
17686
13115260
15151
13115250
20360
13115240
19865
13115257
17644
13115295
14626
13103896
16885
13103885
17278
13103871
20095
13103870
17654
13150659
24715
13150691
17285
13150695
14678
13150713
16885
13150670
18555
13150688
17695
13150641
20095
13150693
14360
13150655
17654
13150665
17686
13150664
20360
13150673
24056
13133871
20330
13133856
14793
13133782
23565
13133813
20095
13133775
23106
13133756
16885
13133691
17644
13133541
20338
13122361
14360
13122319
20095
13122359
19565
13122395
17654
13122318
17128
13122340
17686
13122338
15151
13122309
17644
13120623
14793
13120529
23565
13120510
17695
13120482
20330
13120488
17005
13120437
20095
13120361
17686
13120380
14626
13120350
17644
13120404
16885
13115553
17285
13115524
17271
13115516
17160
13115533
17297
13115451
17282
13115485
17278
13115420
14793
13115443
14360
13115433
20095
13115418
19565
13115369
17128
13115351
15151
13115376
17670
13115326
24056
13115361
17644
13115348
14626
13177285
24715
13177250
17160
13177187
20095
13177166
15221
13177128
16885
13177114
23565
13177071
17695
13177083
17686
13177074
17005
13177046
17643
13177054
17085
13176942
14793
13176959
20360
13176965
23106
13176897
23956
13150719
20095
13150729
17654
13150737
17287
13150727
15151
13150728
17686
13150717
17670
13132516
14626
13132497
16885
13132476
14678
13132426
14793
13132367
17160
13132417
17005
13132279
20338
13122490
21685
13122499
14360
13122488
20095
13122497
19565
13122471
17085
13122418
17644
13122404
14626
13119083
17686
13118979
23106
13119016
14678
13118942
20338
13118948
20360
13118945
16300
13118835
17644
13115606
17285
13115644
14678
13115596
17297
13115582
23956
13115566
14360
13115551
19565
13115574
17654
13115549
17085
13115548
15151
13115546
14626
13150778
20330
13150698
24715
13150797
17005
13150805
15221
13150804
17285
13150742
16300
13150738
19865
13150650
17670
13150649
24056
13122519
17281
13122532
17695
13122579
14793
13122529
17654
13122535
17287
13122512
17128
13122511
17686
13122574
15151
13122501
19865
13122517
17670
13122544
24056
13108920
21685
13108892
14793
13108917
14360
13108953
20095
13108900
17128
13108923
15151
13108842
20360
13108889
17670
13108897
24056
13108867
17644
13108771
14626
13071080
17644
13150846
20338
13150865
20330
13150811
23565
13150815
23106
13150826
17282
13150834
17271
13150844
16885
13150825
17643
13150843
17278
13150823
17695
13150702
21685
13150782
14360
13150808
17128
13150752
20360
13150766
17644
13122630
17281
13122650
17695
13122599
14360
13122596
17654
13122635
17287
13122656
17686
13122625
20360
13122542
19865
13122594
17670
13122581
17644
13122521
14626
13115620
17686
13150887
18555
13150822
17695
13115716
20360
13071178
14626
13150958
17287
13122956
20360
13123127
17654
13115839
17128
13123424
17686
13151252
20095
13123662
17643
13116033
14360
